IDL script1:
idl_script1_generaluse,     tobsid,     oobsid,te,oe1,oe2,oe3,xcoor_oe1,ycoor_oe1,xcoor_oe2,ycoor_oe2,xcoor_oe3,ycoor_oe3,xcoor_te1,ycoor_te1,xcoor_te2,ycoor_te2,oback,tback
idl_script1_generaluse,00032094018,00032094004, 2,  1,  2,  3,     1102,      879,     1090,      891,     1094,      919,     1080,      934,     1074,      925,   40,   50 #sn2011fe
idl_script1_generaluse,00097133010,00030390005, 2,  2,  5,  8,     1433,      687,     1565,      490,     1573,      473,     1424,      815,     1420,      802,    4,    3 #sn2006bp
idl_script1_generaluse,00097132002,00030083012, 2,  1,  0,  0,     1761,      994,        0,        0,        0,        0,     1868,     1053,     1889,     1066,   35,   10 #sn2005cs
idl_script1_generaluse,00097136002,00032725002, 1,  1,  2,  3,      657,      209,      853,      342,      811,      308,      853,      325,        0,        0,   13,   17 #sn2013ab
idl_script1_generaluse,00097136002,00032725005, 1,  1,  2,  3,      922,      265,      926,      273,      926,      269,      853,      325,        0,        0,   22,   17 #sn2013ab
idl_script1_generaluse,00097123002,00031858014, 2,  1,  2,  3,     1629,     1540,     1633,     1514,     1634,     1472,     1617,     1536,     1617,     1544,   27,   43 #sn2010jl
idl_script1_generaluse,00097124002,00032150001, 2,  1,  2,  3,     1945,      964,     1945,      947,     1928,      986,     1698,      734,     1668,      725,   18,   19 #sn2011ht
idl_script1_generaluse,00097125002,00032150003, 2,  1,  2,  3,     1919,      943,     1877,      905,     1936,      952,     1693,      700,     1685,      730,   29,   17 #sn2011ht
idl_script1_generaluse,00097130002,00034221002, 2,  1,  2,  0,     1681,      973,     1740,      977,        0,        0,     1600,     1084,     1565,     1071,   20,   28 #sn2015bf
idl_script1_generaluse,00097130002,00034221003, 2,  1,  2,  0,     1561,     1101,     1553,     1182,        0,        0,     1600,     1084,     1565,     1071,   22,   28 #sn2015bf
idl_script1_generaluse,00097131004,00034221006, 1,  1,  2,  3,     1698,     1067,     1651,     1097,     1651,     1101,     1621,     1024,        0,        0,   25,   22 #sn2015bf
idl_script1_generaluse,00097121002,00032017005, 2,  1,  2,  3,     1514,      785,     1497,      798,     1519,      789,     1455,      798,     1463,      811,    7,   16 #sn2011dh
idl_script1_generaluse,00097121002,00032017013, 2,  1,  2,  3,     1450,      755,     1519,      789,     1480,      807,     1455,      798,     1463,      811,    3,   16 #sn2011dh
idl_script1_generaluse,00097121002,00032017017, 2,  1,  2,  3,     1510,      777,     1510,      781,     1519,      781,     1455,      798,     1463,      811,    8,   16 #sn2011dh
idl_script1_generaluse,00097121002,00032017020, 2,  1,  2,  3,     1523,      781,     1518,      781,     1497,      781,     1455,      798,     1463,      811,    9,   16 #sn2011dh
idl_script1_generaluse,00097121002,00032017023, 2,  1,  2,  3,     1501,      760,     1446,      789,     1506,      781,     1455,      798,     1463,      811,   11,   16 #sn2011dh
idl_script1_generaluse,00097121002,00032017026, 2,  1,  2,  3,     1446,      798,     1459,      789,     1493,      802,     1455,      798,     1463,      811,   12,   16 #sn2011dh
idl_script1_generaluse,00097118002,00031014008, 2,  1,  2,  3,     1749,      180,     1745,      180,     1702,      184,     1531,      116,     1570,      111,   17,   19 #sn2007pk
idl_script1_generaluse,00097109002,00030810004, 2,  1,  2,  0,     1681,      542,     1685,      546,        0,        0,     1583,      568,     1621,      610,   17,   37 #sn2006jc
idl_script1_generaluse,00097109002,00030810007, 2,  1,  2,  0,     1681,      546,     1664,      551,        0,        0,     1583,      568,     1621,      610,   21,   37 #sn2006jc
idl_script1_generaluse,00097110002,00031102003, 1,  1,  2,  3,     1301,      551,     1297,      538,     1275,      572,     1314,      572,        0,        0,   14,   12 #sn2008m
idl_script1_generaluse,00097112002,00032891003, 2,  1,  2,  3,     1135,      717,     1284,      265,     1211,      691,     1071,      764,     1105,      734,   25,   49 #sn2013ej
idl_script1_generaluse,00097112002,00032891006, 2,  1,  2,  3,     1062,      725,     1105,      721,     1079,      704,     1071,      764,     1105,      734,   26,   49 #sn2013ej
idl_script1_generaluse,00097112002,00032891009, 2,  1,  2,  3,     1109,      704,     1084,      785,     1092,      760,     1071,      764,     1105,      734,   24,   49 #sn2013ej
idl_script1_generaluse,00097112002,00032891011, 2,  1,  2,  3,     1109,      708,     1062,      772,     1250,      231,     1071,      764,     1105,      734,   28,   49 #sn2013ej
idl_script1_generaluse,00097112002,00032891014, 2,  1,  2,  3,     1075,      794,     1071,      755,     1084,      751,     1071,      764,     1105,      734,   24,   49 #sn2013ej
idl_script1_generaluse,00097112002,00032891016, 2,  1,  2,  3,     1067,      725,     1071,      721,     1084,      700,     1071,      764,     1105,      734,   25,   49 #sn2013ej
idl_script1_generaluse,00097113002,00034737001, 2,  1,  2,  3,     1130,      256,     1574,      214,     1352,      410,     1271,      278,     1301,      248,   14,    9 #sn2016gkg
idl_script1_generaluse,00097113002,00034737003, 2,  1,  2,  3,     1271,      337,     1284,      269,     1254,      273,     1271,      278,     1301,      248,   11,    9 #sn2016gkg
idl_script1_generaluse,00097116002,00010130004, 2,  1,  2,  3,     1638,      862,     1617,      866,     1536,     1105,     1493,     1216,     1540,     1250,   43,   14 #sn2017eaw
idl_script1_generaluse,00097116002,00010130008, 2,  1,  2,  0,     1442,     1050,     1646,     1212,        0,        0,     1493,     1216,     1540,     1250,   45,   14 #sn2017eaw
idl_script1_generaluse,00097117002,00010154001, 2,  1,  0,  0,     1177,      819,        0,        0,        0,        0,     1067,      235,     1084,      239,   15,   28 #sn2017egm
idl_script1_generaluse,00097117002,00010154002, 2,  1,  0,  0,     1173,      789,        0,        0,        0,        0,     1067,      235,     1084,      239,   17,   28 #sn2017egm
idl_script1_generaluse,00097117002,00010154003, 2,  1,  0,  0,     1190,      815,        0,        0,        0,        0,     1067,      235,     1084,      239,   13,   28 #sn2017egm
idl_script1_generaluse,00097113002,00034737001, 2,  1,  2,  3,     1130,      256,     1574,      214,     1352,      410,     1271,      278,     1301,      248,    5,    9 #sn2016gkg redo to test bg value
idl_script1_generaluse,00097113002,00034737001, 2,  1,  2,  3,     1130,      256,     1570,      210,     1352,      410,     1271,      278,     1301,      248,   14,    9 #sn2016gkg redo to test anchor
idl_script1_generaluse,00097113002,00034737001, 2,  1,  2,  3,     1130,      256,     1574,      214,        0,        0,     1271,      278,     1301,      248,   14,    9 #sn2016gkg redo to test change

UVOTPY script:
     targetid,       ra,     dec,exts
'00032094004', 210.77387,  54.27363,   3 #sn2011fe
'00030390005', 178.48225,  52.35261,   3 #sn2006bp
'00030083012', 202.46992,  47.17658,   1 #sn2005cs
'00032725002', 218.18537,   9.88675,   3 #sn2013ab
'00032725005', 218.18537,   9.88675,   3 #sn2013ab
'00031858014', 145.72221,   9.49494,   3 #sn2010jl
'00032150001', 152.04412,  51.84917,   3 #sn2011ht
'00032150003', 152.04412,  51.84917,   3 #sn2011ht
'00034221002', 351.20429,  15.28111,   2 #sn2015bf
'00034221003', 351.20429,  15.28111,   2 #sn2015bf
'00034221006', 351.20429,  15.28111,   3 #sn2015bf
'00032017005', 202.52133,  47.16967,   3 #sn2011dh
'00032017013', 202.52133,  47.16967,   3 #sn2011dh
'00032017017', 202.52133,  47.16967,   3 #sn2011dh
'00032017020', 202.52133,  47.16967,   3 #sn2011dh
'00032017023', 202.52133,  47.16967,   3 #sn2011dh
'00032017026', 202.52133,  47.16967,   3 #sn2011dh
'00031014008',  22.94612,  33.61503,   3 #sn2007pk
'00030810004', 139.33658,  41.90908,   2 #sn2006jc
'00030810007', 139.33658,  41.90908,   2 #sn2006jc
'00031102003',    95.422, -59.72928,   3 #sn2008m
'00032891003',  24.20067,  15.75861,   3 #sn2013ej
'00032891006',  24.20067,  15.75861,   3 #sn2013ej
'00032891009',  24.20067,  15.75861,   3 #sn2013ej
'00032891011',  24.20067,  15.75861,   3 #sn2013ej
'00032891014',  24.20067,  15.75861,   3 #sn2013ej
'00032891016',  24.20067,  15.75861,   3 #sn2013ej
'00034737001', 23.560167,-29.440061,   3 #sn2016gkg
'00034737003', 23.560167,-29.440061,   3 #sn2016gkg
'00010130004',308.684333, 60.193289,   3 #sn2017eaw
'00010130008',308.684333, 60.193289,   2 #sn2017eaw
'00010154001',154.773417, 46.453911,   1 #sn2017egm
'00010154002',154.773417, 46.453911,   1 #sn2017egm
'00010154003',154.773417, 46.453911,   1 #sn2017egm
'00034737001', 23.560167,-29.440061,   3 #sn2016gkg redo
'00034737001', 23.560167,-29.440061,   3 #sn2016gkg redo redo
'00034737001', 23.560167,-29.440061,   2 #sn2016gkg redo redo redo

IDL script2:
idl_script2_generaluse,     oobsid,oe
idl_script2_generaluse,00032094004, 3 #sn2011fe
idl_script2_generaluse,00030390005, 3 #sn2006bp
idl_script2_generaluse,00030083012, 1 #sn2005cs
idl_script2_generaluse,00032725002, 3 #sn2013ab
idl_script2_generaluse,00032725005, 3 #sn2013ab
idl_script2_generaluse,00031858014, 3 #sn2010jl
idl_script2_generaluse,00032150001, 3 #sn2011ht
idl_script2_generaluse,00032150003, 3 #sn2011ht
idl_script2_generaluse,00034221002, 2 #sn2015bf
idl_script2_generaluse,00034221003, 2 #sn2015bf
idl_script2_generaluse,00034221006, 3 #sn2015bf
idl_script2_generaluse,00032017005, 3 #sn2011dh
idl_script2_generaluse,00032017013, 3 #sn2011dh
idl_script2_generaluse,00032017017, 3 #sn2011dh
idl_script2_generaluse,00032017020, 3 #sn2011dh
idl_script2_generaluse,00032017023, 3 #sn2011dh
idl_script2_generaluse,00032017026, 3 #sn2011dh
idl_script2_generaluse,00031014008, 3 #sn2007pk
idl_script2_generaluse,00030810004, 2 #sn2006jc
idl_script2_generaluse,00030810007, 2 #sn2006jc
idl_script2_generaluse,00031102003, 3 #sn2008m
idl_script2_generaluse,00032891003, 3 #sn2013ej
idl_script2_generaluse,00032891006, 3 #sn2013ej
idl_script2_generaluse,00032891009, 3 #sn2013ej
idl_script2_generaluse,00032891011, 3 #sn2013ej
idl_script2_generaluse,00032891014, 3 #sn2013ej
idl_script2_generaluse,00032891016, 3 #sn2013ej
idl_script2_generaluse,00034737001, 3 #sn2016gkg
idl_script2_generaluse,00034737003, 3 #sn2016gkg
idl_script2_generaluse,00010130004, 3 #sn2017eaw
idl_script2_generaluse,00010130008, 2 #sn2017eaw
idl_script2_generaluse,00010154001, 1 #sn2017egm
idl_script2_generaluse,00010154002, 1 #sn2017egm
idl_script2_generaluse,00010154003, 1 #sn2017egm
idl_script2_generaluse,00034737001, 3 #sn2016gkg redo
idl_script2_generaluse,00034737001, 3 #sn2016gkg redo redo
idl_script2_generaluse,00034737001, 2 #sn2016gkg redo redo redo




